3br3A01     1    10    10    60    44     1     1     1    33    48 2.800
1jtyB01     1    10    10    60    44     1     1     1    78    49 2.970
2dyrH00     1    10    10   140     1     1     1     1     3    79 1.800
1ocoU00     1    10    10   140     1     1     1     1    46    75 2.800
2gsmB01     1    10   287    90     2     1     1     1     1    96 2.000
3om3B01     1    10   287    90     2     1     1     1    17    96 2.600
1b3qA01     1    10   287   560     1     1     1     1     1    62 2.600
1b3qB01     1    10   287   560     1     1     1     1     2    60 2.600
1tbfA00     1    10  1300    10     1     1     1     1     1   326 1.300
1y2jB00     1    10  1300    10     2     1     2    22     1   322 2.550
1jl9B00     2    10    25    10    30     1     1     1     2    45 3.000
3mqeD01     2    10    25    10    10     1     1     1    28    41 2.800
1qiuC01     2    10    25    20     1     1     1     1     5    74 2.400
1kkeB01     2    10    25    20     2     1     1     1     2    42 2.600
1yc0A02     2    40    10    10    65     1     1     1     3   113 2.600
1vcqB01     2    40    10    10    98     3     1     1     5    64 3.100
1wb1C04     2    40    10   190     1     1     1     1     2    80 3.000
1wb3A04     2    40    10   190     1     1     1     1     6    80 3.200
3ncyW02     2    60    40    10     4     1     1    28     2   104 3.200
1v05A00     2    60    40    10    35     1     1     1     1    96 1.430
1mxdA02     2    60    40  1180     2     1     1     1     2    98 2.000
1j0kA04     2    60    40  1180    19     1     1     1     7    83 3.200
3gzuC02     2    60   120   170     1     1     1     1     2   170 3.800
1bvp102     2    60   120   170     3     1     1     1     1   133 2.600
1ukgB00     2    60   120   200    15     1     1     4     1   240 1.700
1c4rA00     2    60   120   200    16     1     1     1     5   180 2.600
1ukoC00     3    20    20    80    44     2     1    11     3   490 2.100
3kl5D02     3    20    20    80    47     2     1     1    12   279 2.590
1krmA00     3    20    20   140     9     1     3     2     2   349 2.500
1pojB02     3    20    20   140    20     1     1    16     1   278 3.300
1ubkS01     3    40    50   700     1     1     1     1     3   180 1.180
3cusA01     3    40    50   700     1     2     1     1     4   176 2.200
1rxuG00     3    40    50  1580     1     1     1     2    99   250 3.100
1odjA00     3    40    50  1580     9     2     1     1    19   234 2.400
